# Dolby Vision Display Management Configuration File
# Date : 01/10/2024
# Brand Model Number: L9 taoyao 2203129G

[Global]
DMSwVersion = 4.0
Tmax = 450
Tmin = 0.0001
TPrimaries = 0.6496 0.3256 0.2906 0.6706 0.1464 0.0610 0.3042 0.3170


TEOTF = POWER
Tgamma = 2.2

RGB2YCCmat=0.2249515012 0.5805731287 0.0507803555 -0.1222960562 -0.3156316076 0.4379276637 0.4379276637 -0.4027047292 -0.0352229345
RGB2YCCOffsetNorm=0.0625 0.5 0.5


DBrightness = 0.3
DSaturation = 0.1
Ambient = 3

BLUPwm = 1 64 128 192 255 
BLULight = 450 450 450 450 450
BLULightMin = 0.0001 0.0001 0.0001 0.0001 0.0001

[PictureMode = 0]
PictureModeName = Dolby Vision Bright
DBrightness = 0.3
DSaturation = 0.1

[PictureMode = 1]
PictureModeName = Dolby Vision Standard
DBrightness = 0.3
DSaturation = 0.1

[PictureMode = 2]
PictureModeName = Dolby Vision Vivid
DBrightness = 0.3
DSaturation = 0.1

[PictureMode = 3]
PictureModeName = Dolby Vision Cinema
DBrightness = 0.3
DSaturation = 0.1


